0.1846153846153846
0.7538461538461539
0.7384615384615386
0.24615384615384617
0.4153846153846154
0.7846153846153847
0.21538461538461537
0.8461538461538463
0.3692307692307693
0.23076923076923078
0.7846153846153847
0.7538461538461539
0.24615384615384617
0.7692307692307694
0.8461538461538463
0.2769230769230769
0.39999999999999997
0.7846153846153847
0.23076923076923078
0.7846153846153847
0.3846153846153847
0.2307692307692308
0.7846153846153847
0.8000000000000002
0.21538461538461545
0.7846153846153847
0.8
0.26153846153846155
0.3692307692307693
0.7846153846153847
0.2153846153846154
0.7692307692307694
0.3692307692307693
0.2153846153846154
0.7846153846153848
0.8461538461538463
0.24615384615384617
0.7384615384615386
0.7384615384615386
0.23076923076923078
0.35384615384615387
0.7846153846153847
0.24615384615384614
0.7692307692307694
0.35384615384615387
0.2307692307692308
0.7384615384615386
0.7846153846153847
0.26153846153846155
0.8461538461538463
0.7538461538461539
0.18461538461538465
0.43076923076923074
0.7692307692307694
0.24615384615384617
0.7384615384615386
0.38461538461538464
0.21538461538461545
0.7538461538461539
0.753846153846154
0.1846153846153846
0.7384615384615386
0.7692307692307694
0.26153846153846155
0.39999999999999997
0.8
0.2153846153846154
0.7692307692307694
0.3846153846153847
0.2153846153846154
0.8461538461538463
0.7846153846153848
0.2769230769230769
0.7384615384615386
0.7538461538461539
0.2153846153846154
0.38461538461538464
0.8461538461538463
0.26153846153846155
0.8000000000000002
0.3538461538461538
0.2307692307692308
0.753846153846154
0.7692307692307694
0.23076923076923078
0.8
0.7846153846153848
0.2615384615384615
0.3692307692307693
0.7692307692307694
0.24615384615384617
0.8461538461538463
0.38461538461538464
0.2153846153846154
0.7692307692307694
0.7384615384615386
0.23076923076923078
0.753846153846154
0.8461538461538463
0.26153846153846155
0.4000000000000001
0.7846153846153847
0.23076923076923078
0.753846153846154
0.38461538461538464
0.2307692307692308
0.753846153846154
0.7846153846153847
0.2153846153846154
0.7846153846153847
0.7692307692307694
0.24615384615384614
0.4153846153846156
0.7846153846153847
0.23076923076923078
0.753846153846154
0.3538461538461538
0.23076923076923078
0.753846153846154
0.8461538461538463
0.23076923076923078
0.8307692307692309
0.7384615384615386
0.24615384615384614
0.3846153846153847
0.7538461538461539
0.21538461538461537
0.7692307692307694
0.4000000000000001
0.21538461538461545
0.7692307692307695
0.7538461538461539
0.18461538461538465
0.8461538461538463
0.7384615384615386
0.24615384615384617
0.4153846153846154
0.7846153846153847
0.21538461538461537
0.8000000000000002
0.4153846153846154
0.2153846153846154
0.753846153846154
0.8000000000000002
0.26153846153846155
0.7846153846153847
0.7846153846153847
0.2
0.39999999999999997
0.7384615384615386
0.26153846153846155
0.753846153846154
0.32307692307692304
0.24615384615384614
0.8461538461538463
0.7384615384615386
0.24615384615384614
0.7692307692307694
0.7692307692307694
0.24615384615384617
0.38461538461538464
0.8461538461538463
0.21538461538461548
0.7692307692307694
0.43076923076923074
0.24615384615384614
0.8000000000000002
0.7076923076923077
0.2615384615384615
0.7692307692307694
0.7538461538461539
0.2
0.3692307692307693
0.7538461538461539
0.2153846153846154
0.8461538461538463
0.38461538461538464
0.21538461538461537
0.7692307692307694
0.7692307692307694
0.23076923076923078
0.7692307692307694
0.8461538461538463
0.21538461538461537
0.4000000000000001
0.7692307692307694
0.2153846153846154
0.7692307692307694
0.38461538461538464
0.23076923076923078
0.7846153846153847
0.7846153846153848
0.2153846153846154
0.7846153846153847
0.7692307692307694
0.1846153846153846
0.38461538461538464
0.753846153846154
0.2153846153846154
0.7692307692307694
0.35384615384615387
0.21538461538461537
0.753846153846154
0.8461538461538463
0.24615384615384614
0.7692307692307694
0.8000000000000002
0.26153846153846155
0.3846153846153847
0.8000000000000002
0.2461538461538462
0.7692307692307694
0.35384615384615387
0.24615384615384617
0.7384615384615386
0.7846153846153847
0.26153846153846155
0.8461538461538463
0.7230769230769233
0.21538461538461545
0.35384615384615387
0.7384615384615386
0.2307692307692308
0.8000000000000002
0.44615384615384607
0.21538461538461537
0.753846153846154
0.8
0.2307692307692308
0.7538461538461539
0.8000000000000002
0.24615384615384614
0.38461538461538464
0.7692307692307694
0.23076923076923078
0.7692307692307694
0.35384615384615387
0.2307692307692308
0.8461538461538463
0.7692307692307694
0.23076923076923073
0.7384615384615386
0.7692307692307694
0.24615384615384617
0.38461538461538464
0.8461538461538463
0.24615384615384614
0.753846153846154
0.3692307692307693
0.2307692307692308
0.7692307692307694
0.7692307692307694
0.2307692307692308
0.7846153846153848
0.7538461538461539
0.23076923076923078
0.3692307692307693
0.7692307692307694
0.26153846153846155
0.8461538461538463
0.4000000000000001
0.2153846153846154
0.8153846153846155
0.7538461538461539
0.21538461538461545
0.753846153846154
0.8461538461538463
0.21538461538461537
0.4000000000000001
0.8307692307692309
0.24615384615384614
0.7846153846153848
0.36923076923076914
0.24615384615384614
0.8307692307692309
0.8
0.23076923076923078
0.753846153846154
0.753846153846154
0.21538461538461545
0.4153846153846154
0.7692307692307694
0.23076923076923078
0.7384615384615386
0.4153846153846154
0.21538461538461537
0.7384615384615386
0.8461538461538463
0.2307692307692308
0.7230769230769233
0.7846153846153847
0.2153846153846154
0.4153846153846154
0.7692307692307694
0.2153846153846154
0.8
0.3384615384615385
0.23076923076923073
0.7692307692307695
0.7692307692307694
0.24615384615384617
0.8461538461538463
0.7846153846153847
0.2153846153846154
0.3692307692307693
0.8153846153846155
0.23076923076923078
0.8000000000000002
0.3692307692307693
0.23076923076923078
0.7538461538461539
0.753846153846154
0.2307692307692308
0.7384615384615386
0.7692307692307694
0.2307692307692308
0.43076923076923074
0.7692307692307694
0.21538461538461537
0.7846153846153848
0.38461538461538464
0.19999999999999998
0.8461538461538463
0.7692307692307694
0.1846153846153846
0.8000000000000002
0.8307692307692309
0.23076923076923078
0.38461538461538464
0.8461538461538463
0.20000000000000004
0.7846153846153848
0.4000000000000001
0.2307692307692308
0.753846153846154
0.753846153846154
0.26153846153846155
0.7692307692307694
0.7384615384615386
0.24615384615384617
0.3692307692307693
0.7230769230769231
0.26153846153846155
0.8461538461538463
0.38461538461538464
0.24615384615384614
0.7384615384615386
0.7692307692307694
0.21538461538461537
0.7846153846153847
0.8461538461538463
0.23076923076923078
0.3846153846153847
0.8
0.23076923076923078
0.7692307692307694
0.38461538461538464
0.2307692307692308
0.7846153846153847
0.7846153846153847
0.2153846153846154
0.7692307692307694
0.7230769230769233
0.24615384615384614
0.39999999999999997
0.7692307692307694
0.2307692307692308
0.7076923076923077
0.3384615384615385
0.2615384615384615
0.7538461538461539
0.8461538461538463
0.23076923076923078
0.7384615384615386
0.7692307692307694
0.23076923076923078
0.43076923076923074
0.753846153846154
0.24615384615384617
0.8153846153846155
0.38461538461538464
0.23076923076923078
0.7692307692307694
0.753846153846154
0.16923076923076924
0.8461538461538463
0.7384615384615386
0.21538461538461537
0.3692307692307693
0.7384615384615386
0.2153846153846154
0.7692307692307694
0.4000000000000001
0.26153846153846155
0.7692307692307694
0.7846153846153847
0.24615384615384617
0.7538461538461539
0.7230769230769233
0.24615384615384617
0.3692307692307693
0.7384615384615386
0.24615384615384617
0.7538461538461539
0.4153846153846154
0.26153846153846155
0.8461538461538463
0.7384615384615386
0.23076923076923078
0.7538461538461539
0.7384615384615386
0.23076923076923078
0.3692307692307693
0.8461538461538463
0.26153846153846155
0.7846153846153847
0.38461538461538464
0.2
0.7230769230769233
0.7692307692307694
0.2307692307692308
0.7384615384615386
0.753846153846154
0.2153846153846154
0.35384615384615387
0.753846153846154
0.21538461538461537
0.8461538461538463
0.3384615384615385
0.24615384615384617
0.7846153846153847
0.753846153846154
0.27692307692307694
0.7846153846153847
0.8461538461538463
0.20000000000000004
0.3384615384615384
0.7538461538461539
0.2153846153846154
0.8000000000000002
0.3692307692307693
0.26153846153846155
0.8153846153846155
0.753846153846154
0.2307692307692308
0.7692307692307694
0.7692307692307694
0.26153846153846155
0.3538461538461538
0.7538461538461539
0.24615384615384614
0.7538461538461539
0.4000000000000001
0.24615384615384614
0.7846153846153847
0.8461538461538463
0.2
0.7692307692307694
0.753846153846154
0.2153846153846154
0.39999999999999997
0.7846153846153847
0.2615384615384615
0.7384615384615386
0.3692307692307693
0.2153846153846154
0.7846153846153847
0.8307692307692309
0.26153846153846155
0.8461538461538463
0.753846153846154
0.18461538461538465
0.3846153846153847
0.7692307692307694
0.19999999999999998
0.7692307692307694
0.4000000000000001
0.2307692307692308
0.753846153846154
0.8307692307692309
0.2
0.8
0.7846153846153847
0.26153846153846155
0.3692307692307693
0.7846153846153847
0.2307692307692308
0.7692307692307694
0.35384615384615387
0.23076923076923078
0.8461538461538463
0.8000000000000002
0.2
0.7230769230769233
0.7692307692307694
0.24615384615384617
0.3692307692307693
0.8461538461538463
0.26153846153846155
0.7538461538461539
0.3692307692307693
0.18461538461538465
0.7692307692307694
0.8
0.2
0.753846153846154
0.7384615384615386
0.24615384615384614
0.3692307692307693
0.7846153846153848
0.23076923076923078
0.8461538461538463
0.4000000000000001
0.1846153846153846
0.7692307692307694
0.8000000000000002
0.2307692307692308
0.7846153846153847
0.8461538461538463
0.2153846153846154
0.3384615384615385
0.7846153846153847
0.26153846153846155
0.7384615384615386
0.38461538461538464
0.2307692307692308
0.7692307692307694
0.7846153846153847
0.24615384615384617
0.7846153846153847
0.7692307692307694
0.2153846153846154
0.38461538461538464
0.7230769230769233
0.23076923076923073
0.7846153846153847
0.3692307692307693
0.24615384615384617
0.7692307692307694
0.8461538461538463
0.21538461538461537
0.7846153846153847
0.7846153846153848
0.23076923076923078
0.35384615384615387
0.7384615384615386
0.23076923076923078
0.7692307692307694
0.4153846153846154
0.24615384615384617
0.8
0.7384615384615386
0.24615384615384617
0.8461538461538463
0.8000000000000002
0.23076923076923073
0.38461538461538464
0.753846153846154
0.19999999999999998
0.7846153846153847
0.38461538461538464
0.2
0.7384615384615386
0.7692307692307694
0.24615384615384617
0.753846153846154
0.7384615384615386
0.19999999999999998
0.3692307692307693
0.7230769230769233
0.23076923076923078
0.7846153846153847
0.38461538461538464
0.2769230769230769
0.8461538461538463
0.7846153846153847
0.23076923076923084
0.7846153846153847
0.7538461538461539
0.21538461538461537
0.39999999999999997
0.8461538461538463
0.23076923076923078
0.7230769230769233
0.3692307692307693
0.26153846153846155
0.7384615384615386
0.7384615384615386
0.23076923076923078
0.7846153846153847
0.7230769230769231
0.23076923076923078
0.4307692307692309
0.8000000000000002
0.2153846153846154
0.8461538461538463
0.4000000000000001
0.24615384615384614
0.7692307692307694
0.753846153846154
0.23076923076923078
0.7692307692307694
0.8461538461538463
0.2307692307692308
0.38461538461538464
0.7692307692307694
0.2153846153846154
0.7538461538461539
0.38461538461538464
0.2153846153846154
0.7538461538461539
0.7384615384615386
0.23076923076923078
0.8153846153846156
0.7692307692307694
0.24615384615384617
0.3538461538461538
0.7846153846153847
0.24615384615384614
0.753846153846154
0.4000000000000001
0.23076923076923078
0.8153846153846155
0.8461538461538463
0.2307692307692308
0.7692307692307694
0.7384615384615386
0.21538461538461537
0.4000000000000001
0.8153846153846155
0.23076923076923084
0.7538461538461539
0.4000000000000001
0.2153846153846154
0.8
0.7692307692307694
0.23076923076923078
0.8461538461538463
0.7230769230769233
0.24615384615384614
0.3692307692307693
0.7230769230769233
0.21538461538461537
0.7692307692307694
0.4153846153846154
0.21538461538461545
0.753846153846154
0.7384615384615386
0.2
0.8000000000000002
0.8
0.24615384615384617
0.38461538461538464
0.7692307692307694
0.2153846153846154
0.7692307692307694
0.38461538461538464
0.23076923076923078
0.8461538461538463
0.753846153846154
0.23076923076923078
0.7846153846153847
0.7846153846153848
0.24615384615384614
0.4000000000000001
0.8461538461538463
0.1846153846153846
0.8461538461538463
0.4000000000000001
0.2461538461538462
0.7538461538461539
0.7076923076923077
0.26153846153846155
0.7846153846153847
0.7846153846153847
0.29230769230769227
0.3692307692307693
0.7230769230769233
0.2153846153846154
0.8461538461538463
0.39999999999999997
0.2307692307692308
0.753846153846154
0.7384615384615386
0.23076923076923078
0.7846153846153847
0.8461538461538463
0.24615384615384617
0.4153846153846154
0.753846153846154
0.23076923076923078
0.753846153846154
0.38461538461538464
0.23076923076923073
0.7692307692307694
0.7538461538461539
0.2307692307692308
0.8000000000000002
0.753846153846154
0.2
0.4000000000000001
0.7692307692307694
0.2
0.7692307692307694
0.35384615384615387
0.2153846153846154
0.7846153846153847
0.8461538461538463
0.24615384615384617
0.7692307692307694
0.8
0.26153846153846155
0.43076923076923074
0.8
0.24615384615384614
0.7692307692307694
0.3692307692307693
0.26153846153846155
0.7692307692307694
0.753846153846154
0.1692307692307692
0.8461538461538463
0.753846153846154
0.24615384615384617
0.3538461538461538
0.7230769230769233
0.23076923076923078
0.7846153846153848
0.3692307692307693
0.24615384615384617
0.7846153846153847
0.7384615384615386
0.30769230769230765
0.7384615384615386
0.8153846153846156
0.2769230769230769
0.4000000000000001
0.7846153846153847
0.24615384615384617
0.7846153846153847
0.3846153846153847
0.2307692307692308
0.8461538461538463
0.7846153846153848
0.23076923076923084
0.7230769230769233
0.7692307692307694
0.23076923076923078
0.39999999999999997
0.8461538461538463
0.2307692307692308
0.7538461538461539
0.4153846153846154
0.2153846153846154
0.753846153846154
0.7692307692307694
0.23076923076923078
0.7230769230769233
0.753846153846154
0.24615384615384617
0.4153846153846154
0.7692307692307694
0.2153846153846154
0.8461538461538463
0.35384615384615387
0.2307692307692308
0.7846153846153847
0.7692307692307694
0.2307692307692308
0.8
0.8461538461538463
0.2307692307692308
0.39999999999999997
0.7692307692307694
0.23076923076923078
0.753846153846154
0.38461538461538464
0.23076923076923078
0.7384615384615386
0.7692307692307694
0.24615384615384617
0.8000000000000002
0.7384615384615386
0.2307692307692308
0.4000000000000001
0.7846153846153847
0.21538461538461545
0.8000000000000002
0.38461538461538464
0.23076923076923078
0.8000000000000002
0.8461538461538463
0.26153846153846155
0.7538461538461539
0.7846153846153847
0.2153846153846154
0.38461538461538464
0.8000000000000002
0.2307692307692308
0.7846153846153847
0.3692307692307693
0.2153846153846154
0.7538461538461539
0.7692307692307695
0.21538461538461537
0.8461538461538463
0.7846153846153847
0.23076923076923078
0.35384615384615387
0.753846153846154
0.2769230769230769
0.8307692307692309
0.3692307692307693
0.2153846153846154
0.7538461538461539
0.7846153846153847
0.2307692307692308
0.753846153846154
0.7076923076923077
0.24615384615384617
0.35384615384615387
0.7538461538461539
0.24615384615384614
0.8153846153846155
0.38461538461538464
0.24615384615384617
0.8461538461538463
0.7384615384615386
0.21538461538461537
0.753846153846154
0.7846153846153847
0.23076923076923078
0.38461538461538464
0.8461538461538463
0.2461538461538462
0.7384615384615386
0.4000000000000001
0.2307692307692308
0.8000000000000002
0.7230769230769233
0.18461538461538468
0.7692307692307694
0.7538461538461539
0.2153846153846154
0.38461538461538464
0.7692307692307694
0.24615384615384617
0.8461538461538463
0.38461538461538464
0.21538461538461537
0.7692307692307694
0.7538461538461539
0.24615384615384617
0.7692307692307694
0.8461538461538463
0.23076923076923078
0.44615384615384623
0.7384615384615386
0.2153846153846154
0.7692307692307694
0.4153846153846154
0.26153846153846155
0.7384615384615386
0.7538461538461539
0.24615384615384617
0.7538461538461539
0.7846153846153847
0.2153846153846154
0.38461538461538464
0.7692307692307694
0.2307692307692308
0.7846153846153847
0.38461538461538464
0.26153846153846155
0.7846153846153847
0.8461538461538463
0.23076923076923073
0.8153846153846155
0.7846153846153847
0.23076923076923078
0.4000000000000001
0.753846153846154
0.2307692307692308
0.8000000000000002
0.39999999999999997
0.2307692307692308
0.7384615384615386
0.753846153846154
0.2153846153846154
0.8461538461538463
0.753846153846154
0.21538461538461545
0.4000000000000001
0.7846153846153847
0.27692307692307694
0.753846153846154
0.3692307692307693
0.2307692307692308
0.7846153846153847
0.7846153846153847
0.2
0.7538461538461539
0.753846153846154
0.21538461538461537
0.39999999999999997
0.753846153846154
0.23076923076923078
0.7692307692307694
0.4000000000000001
0.26153846153846155
0.8461538461538463
0.7692307692307694
0.2
0.7692307692307694
0.753846153846154
0.27692307692307694
0.4153846153846154
0.8461538461538463
0.21538461538461537
0.7846153846153847
0.39999999999999997
0.2153846153846154
0.7230769230769233
0.7538461538461539
0.23076923076923078
0.7846153846153847
0.7692307692307694
0.24615384615384614
0.3538461538461538
0.7846153846153847
0.2153846153846154
0.8461538461538463
0.38461538461538464
0.2
0.7538461538461539
0.7230769230769233
0.2769230769230769
0.753846153846154
0.8461538461538463
0.24615384615384617
0.3692307692307693
0.8000000000000002
0.26153846153846155
0.7846153846153847
0.3846153846153847
0.20000000000000004
0.7692307692307694
0.7384615384615386
0.2461538461538462
0.7846153846153848
0.7538461538461539
0.24615384615384614
0.4000000000000001
0.8153846153846155
0.20000000000000004
0.8153846153846155
0.38461538461538464
0.2153846153846154
0.7846153846153847
0.8461538461538463
0.2153846153846154
0.7692307692307694
0.7692307692307694
0.2769230769230769
0.3692307692307693
0.7846153846153847
0.24615384615384614
0.7384615384615386
0.4153846153846154
0.2461538461538462
0.7538461538461539
0.7692307692307694
0.2307692307692308
0.8461538461538463
0.753846153846154
0.24615384615384617
0.38461538461538475
0.7692307692307694
0.24615384615384614
0.7846153846153847
0.38461538461538464
0.24615384615384614
0.7692307692307694
0.7692307692307694
0.2307692307692308
0.7538461538461539
0.7692307692307694
0.2153846153846154
0.43076923076923074
0.7846153846153847
0.21538461538461545
0.8000000000000002
0.4000000000000001
0.24615384615384617
0.8461538461538463
0.7846153846153848
0.24615384615384617
0.8000000000000002
0.753846153846154
0.2
0.4000000000000001
0.8461538461538463
0.2153846153846154
0.7846153846153847
0.43076923076923074
0.23076923076923078
0.7846153846153847
0.7692307692307694
0.24615384615384614
0.8153846153846155
0.753846153846154
0.2307692307692308
0.3692307692307693
0.7692307692307694
0.23076923076923078
0.8461538461538463
0.4000000000000001
0.24615384615384617
0.7692307692307694
0.8
0.23076923076923078
0.7846153846153847
0.8461538461538463
0.23076923076923078
0.4000000000000001
0.7384615384615386
0.26153846153846155
0.753846153846154
0.3692307692307693
0.2153846153846154
0.7846153846153847
0.7846153846153847
0.24615384615384617
0.8000000000000002
0.7538461538461539
0.26153846153846155
0.38461538461538464
0.753846153846154
0.24615384615384617
0.8307692307692309
0.35384615384615387
0.2
0.7692307692307694
0.8461538461538463
0.2153846153846154
0.7230769230769233
0.7846153846153847
0.24615384615384614
0.4153846153846154
0.7692307692307694
0.2153846153846154
0.7692307692307694
0.4000000000000001
0.26153846153846155
0.7846153846153847
0.7692307692307694
0.21538461538461537
0.8461538461538463
0.7846153846153847
0.23076923076923078
0.4153846153846154
0.7538461538461539
0.19999999999999998
0.7846153846153847
0.3692307692307693
0.23076923076923078
0.8
0.8153846153846155
0.27692307692307694
0.753846153846154
0.7846153846153847
0.20000000000000004
0.43076923076923074
0.7692307692307694
0.21538461538461545
0.753846153846154
0.3692307692307693
0.18461538461538465
0.8461538461538463
0.8000000000000002
0.2153846153846154
0.7384615384615386
0.7384615384615386
0.26153846153846155
0.3692307692307693
0.8461538461538463
0.26153846153846155
0.7692307692307694
0.4153846153846154
0.24615384615384614
0.8000000000000002
0.7692307692307694
0.2307692307692308
0.7538461538461539
0.7692307692307694
0.23076923076923078
0.38461538461538464
0.7692307692307694
0.21538461538461537
0.8461538461538463
0.39999999999999997
0.26153846153846155
0.7846153846153847
0.7692307692307694
0.23076923076923078
0.753846153846154
0.8461538461538463
0.26153846153846155
0.3384615384615385
0.7538461538461539
0.23076923076923078
0.7692307692307694
0.36923076923076914
0.2
0.753846153846154
0.7846153846153847
0.24615384615384617
0.7538461538461539
0.8153846153846155
0.26153846153846155
0.4000000000000001
0.7846153846153847
0.23076923076923078
0.7692307692307694
0.3538461538461538
0.21538461538461537
0.7846153846153848
0.8461538461538463
0.23076923076923078
0.753846153846154
0.7846153846153848
0.2461538461538462
0.4000000000000001
0.7692307692307694
0.23076923076923078
0.7692307692307694
0.38461538461538464
0.24615384615384617
0.7846153846153848
0.7692307692307694
0.24615384615384617
0.8461538461538463
0.7846153846153847
0.1846153846153846
0.4000000000000001
0.7538461538461539
0.23076923076923073
0.7384615384615386
0.4153846153846154
0.21538461538461537
0.7692307692307694
0.7846153846153847
0.27692307692307694
0.7846153846153848
0.8000000000000002
0.2
0.3692307692307693
0.8
0.2307692307692308
0.7846153846153847
0.38461538461538464
0.1846153846153846
0.8461538461538463
0.7230769230769233
0.23076923076923073
0.8153846153846155
0.7692307692307694
0.2769230769230769
0.4000000000000001
0.8461538461538463
0.23076923076923078
0.753846153846154
0.3692307692307693
0.2153846153846154
0.753846153846154
0.8000000000000002
0.24615384615384617
0.7692307692307694
0.7846153846153848
0.26153846153846155
0.38461538461538464
0.7538461538461539
0.2461538461538462
0.8461538461538463
0.4153846153846154
0.24615384615384617
0.753846153846154
0.7538461538461539
0.24615384615384614
0.7692307692307694
0.8461538461538463
0.24615384615384617
0.3538461538461538
0.7846153846153848
0.24615384615384617
0.7692307692307694
0.3230769230769231
0.2307692307692308
0.7692307692307694
0.7846153846153847
0.2153846153846154
0.753846153846154
0.8000000000000002
0.2307692307692308
0.3692307692307693
0.753846153846154
0.24615384615384617
0.7692307692307694
0.4000000000000001
0.2153846153846154
0.7692307692307694
0.8461538461538463
0.18461538461538465
0.753846153846154
0.7384615384615386
0.24615384615384614
0.3538461538461538
0.7384615384615386
0.24615384615384617
0.8000000000000002
0.4153846153846154
0.21538461538461537
0.7692307692307694
0.8307692307692309
0.24615384615384617
0.8461538461538463
0.7846153846153848
0.26153846153846155
0.39999999999999997
0.7692307692307694
0.23076923076923078
0.7846153846153847
0.3846153846153847
0.21538461538461537
0.7846153846153847
0.7846153846153847
0.2307692307692308
0.7384615384615386
0.8000000000000002
0.23076923076923078
0.4000000000000001
0.7230769230769231
0.21538461538461545
0.7846153846153847
0.3384615384615384
0.23076923076923078
0.8461538461538463
0.7384615384615386
0.2
0.7384615384615386
0.7846153846153847
0.2307692307692308
0.3692307692307693
0.8461538461538463
0.21538461538461537
0.7692307692307694
0.4153846153846154
0.21538461538461545
0.7692307692307694
0.8307692307692309
0.2307692307692308
0.8153846153846155
0.7230769230769233
0.24615384615384617
0.35384615384615387
0.7846153846153848
0.23076923076923078
0.8461538461538463
0.38461538461538464
0.21538461538461537
0.7692307692307694
0.7846153846153847
0.24615384615384614
0.7846153846153848
0.8461538461538463
0.29230769230769227
0.38461538461538464
0.7692307692307694
0.2461538461538462
0.7692307692307694
0.38461538461538464
0.2307692307692308
0.7846153846153847
0.7538461538461539
0.24615384615384617
0.7538461538461539
0.7384615384615386
0.23076923076923078
0.39999999999999997
0.7384615384615386
0.2307692307692308
0.8
0.3692307692307693
0.26153846153846155
0.7692307692307694
0.8461538461538463
0.23076923076923078
0.7846153846153847
0.7384615384615386
0.2769230769230769
0.35384615384615387
0.753846153846154
0.24615384615384617
0.7384615384615384
0.4153846153846154
0.18461538461538465
0.8
0.7846153846153847
0.21538461538461537
0.8461538461538463
0.7384615384615386
0.2
0.38461538461538464
0.753846153846154
0.23076923076923078
0.8153846153846155
0.4000000000000001
0.23076923076923078
0.7846153846153847
0.753846153846154
0.24615384615384614
0.8153846153846155
0.7692307692307694
0.21538461538461537
0.3692307692307693
0.7692307692307694
0.24615384615384617
0.7692307692307694
0.4000000000000001
0.19999999999999998
0.8461538461538463
0.7384615384615386
0.2153846153846154
0.7846153846153847
0.753846153846154
0.21538461538461537
0.36923076923076914
0.8461538461538463
0.24615384615384617
0.7538461538461539
0.35384615384615387
0.24615384615384614
0.7846153846153847
0.8307692307692309
0.1846153846153846
0.7538461538461539
0.7692307692307694
0.24615384615384617
0.3384615384615385
0.7384615384615386
0.24615384615384617
0.8461538461538463
0.35384615384615387
0.24615384615384614
0.7846153846153848
0.7846153846153847
0.2
0.7692307692307694
0.8461538461538463
0.23076923076923084
0.3692307692307693
0.753846153846154
0.24615384615384617
0.7230769230769233
0.4153846153846154
0.26153846153846155
0.8000000000000002
0.8000000000000002
0.2769230769230769
0.7538461538461539
0.7384615384615386
0.2307692307692308
0.3384615384615384
0.7846153846153847
0.21538461538461537
0.7692307692307694
0.39999999999999997
0.2153846153846154
0.7846153846153847
0.8461538461538463
0.19999999999999998
0.7846153846153847
0.7846153846153848
0.27692307692307694
0.36923076923076914
0.7846153846153847
0.21538461538461537
0.7384615384615386
0.38461538461538464
0.2307692307692308
0.7846153846153847
0.7692307692307694
0.2
0.8461538461538463
0.8153846153846156
0.2307692307692308
0.3692307692307693
0.7846153846153847
0.23076923076923078
0.753846153846154
0.4153846153846154
0.23076923076923078
0.8
0.7846153846153847
0.26153846153846155
0.7692307692307694
0.7846153846153847
0.21538461538461537
0.4153846153846154
0.7846153846153847
0.2461538461538462
0.753846153846154
0.3692307692307693
0.18461538461538465
0.8461538461538463
0.7538461538461539
0.2307692307692308
0.8
0.7692307692307694
0.23076923076923078
0.4153846153846154
0.8461538461538463
0.24615384615384614
0.7384615384615386
0.39999999999999997
0.24615384615384617
0.7692307692307694
0.8153846153846155
0.2153846153846154
0.7846153846153847
0.8153846153846155
0.21538461538461537
0.4000000000000001
0.8153846153846156
0.24615384615384614
0.8461538461538463
0.4307692307692309
0.24615384615384614
0.7846153846153847
0.7076923076923077
0.2153846153846154
0.7076923076923077
0.8461538461538463
0.24615384615384617
0.3384615384615384
0.7384615384615386
0.26153846153846155
0.753846153846154
0.4000000000000001
0.26153846153846155
0.8307692307692309
0.7692307692307694
0.21538461538461537
0.7538461538461539
0.7384615384615386
0.23076923076923078
0.4153846153846154
0.7384615384615386
0.20000000000000004
0.8000000000000002
0.3538461538461538
0.23076923076923078
0.7538461538461539
0.8461538461538463
0.26153846153846155
0.7692307692307694
0.7846153846153848
0.24615384615384617
0.38461538461538464
0.7692307692307694
0.26153846153846155
0.7692307692307694
0.4000000000000001
0.21538461538461537
0.7692307692307694
0.7846153846153847
0.27692307692307694
0.8461538461538463
0.7846153846153847
0.26153846153846155
0.3538461538461538
0.7846153846153847
0.23076923076923078
0.7384615384615386
0.3692307692307693
0.20000000000000007
0.7692307692307694
0.7846153846153847
0.24615384615384617
0.7384615384615386
0.7538461538461539
0.26153846153846155
0.4153846153846154
0.7538461538461539
0.18461538461538465
0.7846153846153847
0.38461538461538464
0.20000000000000004
0.8461538461538463
0.7846153846153848
0.20000000000000004
0.8153846153846155
0.7692307692307694
0.2769230769230769
0.3846153846153847
0.8461538461538463
0.2
0.7538461538461539
0.35384615384615387
0.24615384615384617
0.7692307692307694
0.8
0.23076923076923084
0.753846153846154
0.7692307692307694
0.2307692307692308
0.35384615384615387
0.753846153846154
0.21538461538461545
0.8461538461538463
0.36923076923076914
0.26153846153846155
0.8000000000000002
0.8153846153846156
0.26153846153846155
0.7230769230769231
0.8461538461538463
0.27692307692307694
0.3692307692307693
0.8000000000000002
0.23076923076923078
0.7538461538461539
0.3692307692307693
0.23076923076923084
0.7692307692307694
0.7846153846153847
0.21538461538461545
0.7846153846153847
0.8
0.2
0.3538461538461538
0.7692307692307694
0.23076923076923073
0.753846153846154
0.3692307692307693
0.2307692307692308
0.7538461538461539
0.8461538461538463
0.19999999999999998
0.7384615384615386
0.8000000000000002
0.26153846153846155
0.35384615384615387
0.7384615384615384
0.2153846153846154
0.7384615384615386
0.39999999999999997
0.23076923076923078
0.7846153846153848
0.8153846153846155
0.1692307692307692
0.8461538461538463
0.7692307692307694
0.26153846153846155
0.4153846153846154
0.7384615384615386
0.2153846153846154
0.7692307692307694
0.44615384615384623
0.21538461538461537
0.7230769230769233
0.7384615384615386
0.2307692307692308
0.7384615384615386
0.7692307692307694
0.2307692307692308
0.35384615384615387
0.7692307692307694
0.24615384615384617
0.8
0.3846153846153847
0.24615384615384614
0.8461538461538463
0.8000000000000002
0.21538461538461537
0.8000000000000002
0.7384615384615386
0.23076923076923078
0.3692307692307693
0.8461538461538463
0.23076923076923078
0.7538461538461539
0.3846153846153847
0.23076923076923078
0.7692307692307694
0.7692307692307694
0.2
0.7846153846153847
0.8000000000000002
0.2307692307692308
0.3692307692307693
0.7692307692307694
0.2461538461538462
0.8461538461538463
0.4153846153846154
0.26153846153846155
0.7846153846153847
0.7230769230769233
0.23076923076923078
0.7692307692307694
0.8461538461538463
0.2307692307692308
0.39999999999999997
0.753846153846154
0.2461538461538462
0.7384615384615386
0.35384615384615387
0.23076923076923078
0.7846153846153848
0.753846153846154
0.24615384615384617
0.753846153846154
0.753846153846154
0.2307692307692308
0.3230769230769231
0.7692307692307694
0.27692307692307694
0.7384615384615386
0.3692307692307693
0.24615384615384617
0.8
0.8461538461538463
0.2769230769230769
0.7692307692307694
0.7384615384615386
0.24615384615384614
0.38461538461538464
0.7846153846153847
0.23076923076923078
0.8153846153846155
0.3692307692307693
0.21538461538461537
0.7846153846153847
0.7846153846153847
0.23076923076923078
0.8461538461538463
0.7692307692307694
0.23076923076923078
0.3692307692307693
0.7846153846153847
0.18461538461538465
0.753846153846154
0.43076923076923074
0.2307692307692308
0.7692307692307694
0.7846153846153847
0.24615384615384617
0.753846153846154
0.7538461538461539
0.2153846153846154
0.38461538461538464
0.753846153846154
0.2153846153846154
0.7692307692307694
0.3384615384615384
0.23076923076923084
0.8461538461538463
0.8000000000000002
0.21538461538461537
0.7692307692307694
0.753846153846154
0.26153846153846155
0.4153846153846154
0.8461538461538463
0.2
0.7846153846153847
0.3692307692307693
0.21538461538461537
0.7846153846153847
0.7692307692307694
0.2
0.7538461538461539
0.7384615384615386
0.24615384615384614
0.3692307692307693
0.7538461538461539
0.24615384615384614
0.8461538461538463
0.4000000000000001
0.2153846153846154
0.7692307692307694
0.7846153846153848
0.23076923076923073
0.7692307692307694
0.8461538461538463
0.21538461538461537
0.38461538461538464
0.7692307692307694
0.20000000000000004
0.7384615384615386
0.39999999999999997
0.21538461538461537
0.7538461538461539
0.7538461538461539
0.24615384615384617
0.7692307692307694
0.7692307692307694
0.26153846153846155
0.3384615384615385
0.7692307692307694
0.2769230769230769
0.7692307692307694
0.38461538461538464
0.2307692307692308
0.7692307692307694
0.8461538461538463
0.20000000000000004
0.7384615384615386
0.7384615384615386
0.2307692307692308
0.44615384615384623
0.7846153846153847
0.23076923076923084
0.7846153846153847
0.4153846153846154
0.24615384615384617
0.8000000000000002
0.7384615384615386
0.23076923076923078
0.8461538461538463
0.7846153846153848
0.26153846153846155
0.44615384615384607
0.7692307692307694
0.2153846153846154
0.7692307692307694
0.3538461538461538
0.2769230769230769
0.8
0.8
0.24615384615384617
0.7230769230769233
0.7692307692307694
0.2
0.4153846153846154
0.7384615384615386
0.23076923076923073
0.7692307692307694
0.44615384615384607
0.24615384615384617
0.8461538461538463
0.753846153846154
0.21538461538461545
0.8
0.753846153846154
0.20000000000000007
0.4000000000000001
0.8461538461538463
0.2769230769230769
0.7846153846153847
0.3692307692307693
0.24615384615384614
0.7692307692307694
0.7230769230769233
0.24615384615384614
0.8000000000000002
0.8000000000000002
0.2153846153846154
0.3384615384615384
0.7692307692307694
0.24615384615384617
0.8461538461538463
0.3692307692307693
0.1846153846153846
0.8153846153846155
0.7846153846153848
0.27692307692307694
0.7384615384615386
0.8461538461538463
0.2153846153846154
0.38461538461538475
0.8
0.2153846153846154
0.8000000000000002
0.3538461538461538
0.26153846153846155
0.7692307692307694
0.7384615384615386
0.21538461538461537
0.7384615384615386
0.8153846153846155
0.2615384615384615
0.3692307692307693
0.7846153846153847
0.26153846153846155
0.7384615384615386
0.38461538461538464
0.21538461538461537
0.8153846153846155
0.8461538461538463
0.19999999999999998
0.8000000000000002
0.7538461538461539
0.2153846153846154
0.38461538461538464
0.7846153846153848
0.2
0.7846153846153847
0.3692307692307693
0.2
0.7538461538461539
0.7692307692307694
0.23076923076923078
0.8461538461538463
0.7846153846153847
0.2769230769230769
0.4000000000000001
0.753846153846154
0.24615384615384617
0.7692307692307694
0.38461538461538464
0.23076923076923078
0.753846153846154
0.7846153846153847
0.23076923076923078
0.7692307692307694
0.7846153846153847
0.2615384615384615
0.4000000000000001
0.753846153846154
0.23076923076923078
0.753846153846154
0.4000000000000001
0.23076923076923078
0.8461538461538463
0.753846153846154
0.2153846153846154
0.7384615384615386
0.7846153846153847
0.21538461538461537
0.44615384615384607
0.8461538461538463
0.2153846153846154
0.8
0.38461538461538464
0.26153846153846155
0.7692307692307694
0.7846153846153848
0.1846153846153846
0.753846153846154
0.7846153846153847
0.2153846153846154
0.3846153846153847
0.7846153846153847
0.2769230769230769
0.8461538461538463
0.35384615384615387
0.24615384615384617
0.7384615384615386
0.753846153846154
0.23076923076923078
0.753846153846154
0.8461538461538463
0.2153846153846154
0.38461538461538464
0.7846153846153847
0.2615384615384615
0.8000000000000002
0.3692307692307693
0.2307692307692308
0.8307692307692309
0.7538461538461539
0.1692307692307692
0.7692307692307694
0.8
0.18461538461538465
0.3538461538461538
0.8000000000000002
0.21538461538461545
0.7692307692307694
0.3692307692307693
0.2461538461538462
0.7692307692307694
0.8461538461538463
0.2153846153846154
0.7692307692307694
0.7384615384615386
0.2153846153846154
0.3692307692307693
0.7230769230769233
0.24615384615384617
0.7846153846153848
0.38461538461538464
0.23076923076923078
0.753846153846154
0.8307692307692309
0.2153846153846154
0.8461538461538463
0.7230769230769233
0.24615384615384617
0.32307692307692304
0.7692307692307694
0.23076923076923078
0.7692307692307694
0.38461538461538464
0.26153846153846155
0.8000000000000002
0.7692307692307694
0.24615384615384614
0.7846153846153847
0.7692307692307694
0.26153846153846155
0.3692307692307693
0.7384615384615386
0.2307692307692308
0.7846153846153847
0.4000000000000001
0.2
0.8461538461538463
0.7230769230769231
0.21538461538461545
0.7230769230769233
0.7384615384615386
0.2307692307692308
0.3692307692307693
0.8461538461538463
0.23076923076923073
0.753846153846154
0.3692307692307693
0.2153846153846154
0.7384615384615386
0.753846153846154
0.21538461538461537
0.7692307692307694
0.7846153846153847
0.2153846153846154
0.4153846153846154
0.7384615384615386
0.2769230769230769
0.8461538461538463
0.3538461538461538
0.23076923076923078
0.8000000000000002
0.753846153846154
0.23076923076923078
0.7692307692307694
0.8461538461538463
0.23076923076923073
0.38461538461538464
0.7692307692307694
0.24615384615384614
0.7692307692307694
0.40000000000000013
0.27692307692307694
0.7384615384615384
0.753846153846154
0.2153846153846154
0.7846153846153848
0.7692307692307694
0.24615384615384617
0.3384615384615385
0.7846153846153847
0.2153846153846154
0.8
0.4000000000000001
0.2153846153846154
0.8000000000000002
0.8461538461538463
0.19999999999999998
0.753846153846154
0.753846153846154
0.20000000000000004
0.35384615384615387
0.753846153846154
0.21538461538461545
0.7692307692307694
0.3692307692307693
0.23076923076923073
0.8000000000000002
0.8000000000000002
0.2769230769230769
0.8461538461538463
0.7846153846153847
0.2769230769230769
0.35384615384615387
0.7076923076923077
0.2
0.7692307692307694
0.38461538461538464
0.24615384615384614
0.7692307692307694
0.7384615384615386
0.24615384615384617
0.7846153846153847
0.7384615384615386
0.24615384615384617
0.4000000000000001
0.753846153846154
0.24615384615384617
0.7692307692307694
